11
214
321
508
623
636
876
919
1007
1012
1019
1020
1025
1027
1030
1040
1054
1062
1091
1094
1104
1126
1132
1140
1149
1152
1153
1155
1158
1161
1164
1172
1177
1195
1209
1219
1225
1231
1233
1236
1238
1246
1249
1252
1254
1256
1259
1262
1267
1274
1275
1279
1287
1293
1294
1297
1300
1301
1337
1361
1366
1369
1379
1389
1394
1395
1397
1404
1407
1408
1412
1417
1422
1435
1473
1476
1482
1486
1505
1519
1527
1532
1541
1542
1543
1548
1556
1564
1577
1591
1604
1614
1620
1623
1634
1647
1657
1661
1674
1679
1689
1695
1701
1702
1711
1714
1716
1721
1727
1730
1732
1735
1738
1745
1759
1772
1777
1782
1786
1794
1796
1800
1802
1803
1804
1805
1808
1809
1812
1813
1814
1815
1817
1818
1821
1826
1828
1833
1834
1835
1837
1841
1842
1843
1845
1847
1850
1851
1852
1854
1856
1858
1863
1864
1865
1869
1871
1874
1877
1897
1901
1914
1919
1922
1923
1927
1928
1930
1933
1935
1936
1940
1943
1945
1948
1949
1951
1953
1954
1956
1957
1958
1963
1966
1967
1971
1974
1975
1976
1979
1980
1989
1992
1999
2001
2003
2005
2006
2007
2010
